303042564 832 320 160
303042568 832 320 160
303042572 832 320 160
303042576 832 320 160
303042580 832 320 160
303042584 832 320 160
303042588 832 320 160
303042592 832 320 160
303046660 832 320 160
303046664 832 320 160
303046668 832 320 160
303046672 832 320 160
303046676 832 320 160
303046680 832 320 160
303046684 832 320 160
303046688 832 320 160
303050756 832 320 160
303050760 832 320 160
303050764 832 320 160
303050768 832 320 160
303050772 832 320 160
303050776 832 320 160
303050780 832 320 160
303050784 832 320 160
303054852 832 320 160
303054856 832 320 160
303054860 832 320 160
303054864 832 320 160
303054868 832 320 160
303054872 832 320 160
303054876 832 320 160
303054880 832 320 160
303058948 832 320 160
303058952 832 320 160
303058956 832 320 160
303058960 832 320 160
303058964 832 320 160
303058968 832 320 160
303058972 832 320 160
303058976 832 320 160
303063044 832 320 160
303063048 832 320 160
303063052 832 320 160
303063056 832 320 160
303063060 832 320 160
303063064 832 320 160
303063068 832 320 160
303063072 832 320 160
303067140 832 320 160
303067144 832 320 160
303067148 832 320 160
303067152 832 320 160
303067156 832 320 160
303067160 832 320 160
303067164 832 320 160
303067168 832 320 160
303071236 832 320 160
303071240 832 320 160
303071244 832 320 160
303071248 832 320 160
303071252 832 320 160
303071256 832 320 160
303071260 832 320 160
303071264 832 320 160
303075332 832 320 160
303075336 832 320 160
303075340 832 320 160
303075344 832 320 160
303075348 832 320 160
303075352 832 320 160
303075356 832 320 160
303075360 832 320 160
303079428 832 320 160
303079432 832 320 160
303079436 832 320 160
303079440 832 320 160
303079444 832 320 160
303079448 832 320 160
303079452 832 320 160
303079456 832 320 160
303083524 832 320 160
303083528 832 320 160
303083532 832 320 160
303083536 832 320 160
303083540 832 320 160
303083544 832 320 160
303083548 832 320 160
303083552 832 320 160
303087620 832 320 160
303087624 832 320 160
303087628 832 320 160
303087632 832 320 160
303087636 832 320 160
303087640 832 320 160
303087644 832 320 160
303087648 832 320 160
304091140 416 160 80
304091144 416 160 80
304091148 416 160 80
304091152 416 160 80
304091156 416 160 80
304091160 416 160 80
304091164 416 160 80
304091168 416 160 80
304095236 416 160 80
304095240 416 160 80
304095244 416 160 80
304095248 416 160 80
304095252 416 160 80
304095256 416 160 80
304095260 416 160 80
304095264 416 160 80
304099332 416 160 80
304099336 416 160 80
304099340 416 160 80
304099344 416 160 80
304099348 416 160 80
304099352 416 160 80
304099356 416 160 80
304099360 416 160 80
304103428 416 160 80
304103432 416 160 80
304103436 416 160 80
304103440 416 160 80
304103444 416 160 80
304103448 416 160 80
304103452 416 160 80
304103456 416 160 80
304107524 416 160 80
304107528 416 160 80
304107532 416 160 80
304107536 416 160 80
304107540 416 160 80
304107544 416 160 80
304107548 416 160 80
304107552 416 160 80
304111620 416 160 80
304111624 416 160 80
304111628 416 160 80
304111632 416 160 80
304111636 416 160 80
304111640 416 160 80
304111644 416 160 80
304111648 416 160 80
304115716 416 160 80
304115720 416 160 80
304115724 416 160 80
304115728 416 160 80
304115732 416 160 80
304115736 416 160 80
304115740 416 160 80
304115744 416 160 80
304119812 416 160 80
304119816 416 160 80
304119820 416 160 80
304119824 416 160 80
304119828 416 160 80
304119832 416 160 80
304119836 416 160 80
304119840 416 160 80
304123908 416 160 80
304123912 416 160 80
304123916 416 160 80
304123920 416 160 80
304123924 416 160 80
304123928 416 160 80
304123932 416 160 80
304123936 416 160 80
304128004 416 160 80
304128008 416 160 80
304128012 416 160 80
304128016 416 160 80
304128020 416 160 80
304128024 416 160 80
304128028 416 160 80
304128032 416 160 80
304132100 416 160 80
304132104 416 160 80
304132108 416 160 80
304132112 416 160 80
304132116 416 160 80
304132120 416 160 80
304132124 416 160 80
304132128 416 160 80
304136196 416 160 80
304136200 416 160 80
304136204 416 160 80
304136208 416 160 80
304136212 416 160 80
304136216 416 160 80
304136220 416 160 80
304136224 416 160 80
304140292 416 160 80
304140296 416 160 80
304140300 416 160 80
304140304 416 160 80
304140308 416 160 80
304140312 416 160 80
304140316 416 160 80
304140320 416 160 80
304144388 416 160 80
304144392 416 160 80
304144396 416 160 80
304144400 416 160 80
304144404 416 160 80
304144408 416 160 80
304144412 416 160 80
304144416 416 160 80
304148484 416 160 80
304148488 416 160 80
304148492 416 160 80
304148496 416 160 80
304148500 416 160 80
304148504 416 160 80
304148508 416 160 80
304148512 416 160 80
304152580 416 160 80
304152584 416 160 80
304152588 416 160 80
304152592 416 160 80
304152596 416 160 80
304152600 416 160 80
304152604 416 160 80
304152608 416 160 80
304156676 416 160 80
304156680 416 160 80
304156684 416 160 80
304156688 416 160 80
304156692 416 160 80
304156696 416 160 80
304156700 416 160 80
304156704 416 160 80
304160772 416 160 80
304160776 416 160 80
304160780 416 160 80
304160784 416 160 80
304160788 416 160 80
304160792 416 160 80
304160796 416 160 80
304160800 416 160 80
304164868 416 160 80
304164872 416 160 80
304164876 416 160 80
304164880 416 160 80
304164884 416 160 80
304164888 416 160 80
304164892 416 160 80
304164896 416 160 80
304168964 416 160 80
304168968 416 160 80
304168972 416 160 80
304168976 416 160 80
304168980 416 160 80
304168984 416 160 80
304168988 416 160 80
304168992 416 160 80
304173060 416 160 80
304173064 416 160 80
304173068 416 160 80
304173072 416 160 80
304173076 416 160 80
304173080 416 160 80
304173084 416 160 80
304173088 416 160 80
304177156 416 160 80
304177160 416 160 80
304177164 416 160 80
304177168 416 160 80
304177172 416 160 80
304177176 416 160 80
304177180 416 160 80
304177184 416 160 80
304181252 416 160 80
304181256 416 160 80
304181260 416 160 80
304181264 416 160 80
304181268 416 160 80
304181272 416 160 80
304181276 416 160 80
304181280 416 160 80
304185348 416 160 80
304185352 416 160 80
304185356 416 160 80
304185360 416 160 80
304185364 416 160 80
304185368 416 160 80
304185372 416 160 80
304185376 416 160 80
304189444 416 160 80
304189448 416 160 80
304189452 416 160 80
304189456 416 160 80
304189460 416 160 80
304189464 416 160 80
304189468 416 160 80
304189472 416 160 80
304193540 416 160 80
304193544 416 160 80
304193548 416 160 80
304193552 416 160 80
304193556 416 160 80
304193560 416 160 80
304193564 416 160 80
304193568 416 160 80
304197636 416 160 80
304197640 416 160 80
304197644 416 160 80
304197648 416 160 80
304197652 416 160 80
304197656 416 160 80
304197660 416 160 80
304197664 416 160 80
304201732 416 160 80
304201736 416 160 80
304201740 416 160 80
304201744 416 160 80
304201748 416 160 80
304201752 416 160 80
304201756 416 160 80
304201760 416 160 80
305139716 416 160 80
305139720 416 160 80
305139724 416 160 80
305139728 416 160 80
305139732 416 160 80
305139736 416 160 80
305139740 416 160 80
305139744 416 160 80
305143812 416 160 80
305143816 416 160 80
305143820 416 160 80
305143824 416 160 80
305143828 416 160 80
305143832 416 160 80
305143836 416 160 80
305143840 416 160 80
305147908 416 160 80
305147912 416 160 80
305147916 416 160 80
305147920 416 160 80
305147924 416 160 80
305147928 416 160 80
305147932 416 160 80
305147936 416 160 80
305152004 416 160 80
305152008 416 160 80
305152012 416 160 80
305152016 416 160 80
305152020 416 160 80
305152024 416 160 80
305152028 416 160 80
305152032 416 160 80
305156100 416 160 80
305156104 416 160 80
305156108 416 160 80
305156112 416 160 80
305156116 416 160 80
305156120 416 160 80
305156124 416 160 80
305156128 416 160 80
305160196 416 160 80
305160200 416 160 80
305160204 416 160 80
305160208 416 160 80
305160212 416 160 80
305160216 416 160 80
305160220 416 160 80
305160224 416 160 80
305164292 416 160 80
305164296 416 160 80
305164300 416 160 80
305164304 416 160 80
305164308 416 160 80
305164312 416 160 80
305164316 416 160 80
305164320 416 160 80
305168388 416 160 80
305168392 416 160 80
305168396 416 160 80
305168400 416 160 80
305168404 416 160 80
305168408 416 160 80
305168412 416 160 80
305168416 416 160 80
305172484 416 160 80
305172488 416 160 80
305172492 416 160 80
305172496 416 160 80
305172500 416 160 80
305172504 416 160 80
305172508 416 160 80
305172512 416 160 80
305176580 416 160 80
305176584 416 160 80
305176588 416 160 80
305176592 416 160 80
305176596 416 160 80
305176600 416 160 80
305176604 416 160 80
305176608 416 160 80
305180676 416 160 80
305180680 416 160 80
305180684 416 160 80
305180688 416 160 80
305180692 416 160 80
305180696 416 160 80
305180700 416 160 80
305180704 416 160 80
305184772 416 160 80
305184776 416 160 80
305184780 416 160 80
305184784 416 160 80
305184788 416 160 80
305184792 416 160 80
305184796 416 160 80
305184800 416 160 80
305188868 416 160 80
305188872 416 160 80
305188876 416 160 80
305188880 416 160 80
305188884 416 160 80
305188888 416 160 80
305188892 416 160 80
305188896 416 160 80
305192964 416 160 80
305192968 416 160 80
305192972 416 160 80
305192976 416 160 80
305192980 416 160 80
305192984 416 160 80
305192988 416 160 80
305192992 416 160 80
305197060 416 160 80
305197064 416 160 80
305197068 416 160 80
305197072 416 160 80
305197076 416 160 80
305197080 416 160 80
305197084 416 160 80
305197088 416 160 80
305201156 416 160 80
305201160 416 160 80
305201164 416 160 80
305201168 416 160 80
305201172 416 160 80
305201176 416 160 80
305201180 416 160 80
305201184 416 160 80
305205252 416 160 80
305205256 416 160 80
305205260 416 160 80
305205264 416 160 80
305205268 416 160 80
305205272 416 160 80
305205276 416 160 80
305205280 416 160 80
305209348 416 160 80
305209352 416 160 80
305209356 416 160 80
305209360 416 160 80
305209364 416 160 80
305209368 416 160 80
305209372 416 160 80
305209376 416 160 80
305213444 416 160 80
305213448 416 160 80
305213452 416 160 80
305213456 416 160 80
305213460 416 160 80
305213464 416 160 80
305213468 416 160 80
305213472 416 160 80
305217540 416 160 80
305217544 416 160 80
305217548 416 160 80
305217552 416 160 80
305217556 416 160 80
305217560 416 160 80
305217564 416 160 80
305217568 416 160 80
305221636 416 160 80
305221640 416 160 80
305221644 416 160 80
305221648 416 160 80
305221652 416 160 80
305221656 416 160 80
305221660 416 160 80
305221664 416 160 80
305225732 416 160 80
305225736 416 160 80
305225740 416 160 80
305225744 416 160 80
305225748 416 160 80
305225752 416 160 80
305225756 416 160 80
305225760 416 160 80
305229828 416 160 80
305229832 416 160 80
305229836 416 160 80
305229840 416 160 80
305229844 416 160 80
305229848 416 160 80
305229852 416 160 80
305229856 416 160 80
305233924 416 160 80
305233928 416 160 80
305233932 416 160 80
305233936 416 160 80
305233940 416 160 80
305233944 416 160 80
305233948 416 160 80
305233952 416 160 80
305238020 416 160 80
305238024 416 160 80
305238028 416 160 80
305238032 416 160 80
305238036 416 160 80
305238040 416 160 80
305238044 416 160 80
305238048 416 160 80
305242116 416 160 80
305242120 416 160 80
305242124 416 160 80
305242128 416 160 80
305242132 416 160 80
305242136 416 160 80
305242140 416 160 80
305242144 416 160 80
305246212 416 160 80
305246216 416 160 80
305246220 416 160 80
305246224 416 160 80
305246228 416 160 80
305246232 416 160 80
305246236 416 160 80
305246240 416 160 80
305250308 416 160 80
305250312 416 160 80
305250316 416 160 80
305250320 416 160 80
305250324 416 160 80
305250328 416 160 80
305250332 416 160 80
305250336 416 160 80
305254404 416 160 80
305254408 416 160 80
305254412 416 160 80
305254416 416 160 80
305254420 416 160 80
305254424 416 160 80
305254428 416 160 80
305254432 416 160 80
305258500 416 160 80
305258504 416 160 80
305258508 416 160 80
305258512 416 160 80
305258516 416 160 80
305258520 416 160 80
305258524 416 160 80
305258528 416 160 80
305262596 416 160 80
305262600 416 160 80
305262604 416 160 80
305262608 416 160 80
305262612 416 160 80
305262616 416 160 80
305262620 416 160 80
305262624 416 160 80
305266692 416 160 80
305266696 416 160 80
305266700 416 160 80
305266704 416 160 80
305266708 416 160 80
305266712 416 160 80
305266716 416 160 80
305266720 416 160 80
305270788 416 160 80
305270792 416 160 80
305270796 416 160 80
305270800 416 160 80
305270804 416 160 80
305270808 416 160 80
305270812 416 160 80
305270816 416 160 80
305274884 416 160 80
305274888 416 160 80
305274892 416 160 80
305274896 416 160 80
305274900 416 160 80
305274904 416 160 80
305274908 416 160 80
305274912 416 160 80
305278980 416 160 80
305278984 416 160 80
305278988 416 160 80
305278992 416 160 80
305278996 416 160 80
305279000 416 160 80
305279004 416 160 80
305279008 416 160 80
305283076 416 160 80
305283080 416 160 80
305283084 416 160 80
305283088 416 160 80
305283092 416 160 80
305283096 416 160 80
305283100 416 160 80
305283104 416 160 80
305287172 416 160 80
305287176 416 160 80
305287180 416 160 80
305287184 416 160 80
305287188 416 160 80
305287192 416 160 80
305287196 416 160 80
305287200 416 160 80
305291268 416 160 80
305291272 416 160 80
305291276 416 160 80
305291280 416 160 80
305291284 416 160 80
305291288 416 160 80
305291292 416 160 80
305291296 416 160 80
305295364 416 160 80
305295368 416 160 80
305295372 416 160 80
305295376 416 160 80
305295380 416 160 80
305295384 416 160 80
305295388 416 160 80
305295392 416 160 80
305299460 416 160 80
305299464 416 160 80
305299468 416 160 80
305299472 416 160 80
305299476 416 160 80
305299480 416 160 80
305299484 416 160 80
305299488 416 160 80
305303556 416 160 80
305303560 416 160 80
305303564 416 160 80
305303568 416 160 80
305303572 416 160 80
305303576 416 160 80
305303580 416 160 80
305303584 416 160 80
305307652 416 160 80
305307656 416 160 80
305307660 416 160 80
305307664 416 160 80
305307668 416 160 80
305307672 416 160 80
305307676 416 160 80
305307680 416 160 80
305311748 416 160 80
305311752 416 160 80
305311756 416 160 80
305311760 416 160 80
305311764 416 160 80
305311768 416 160 80
305311772 416 160 80
305311776 416 160 80
305315844 416 160 80
305315848 416 160 80
305315852 416 160 80
305315856 416 160 80
305315860 416 160 80
305315864 416 160 80
305315868 416 160 80
305315872 416 160 80
306188292 416 160 80
306188296 416 160 80
306188300 416 160 80
306188304 416 160 80
306188308 416 160 80
306188312 416 160 80
306188316 416 160 80
306188320 416 160 80
306192388 416 160 80
306192392 416 160 80
306192396 416 160 80
306192400 416 160 80
306192404 416 160 80
306192408 416 160 80
306192412 416 160 80
306192416 416 160 80
306196484 416 160 80
306196488 416 160 80
306196492 416 160 80
306196496 416 160 80
306196500 416 160 80
306196504 416 160 80
306196508 416 160 80
306196512 416 160 80
306200580 416 160 80
306200584 416 160 80
306200588 416 160 80
306200592 416 160 80
306200596 416 160 80
306200600 416 160 80
306200604 416 160 80
306200608 416 160 80
306204676 416 160 80
306204680 416 160 80
306204684 416 160 80
306204688 416 160 80
306204692 416 160 80
306204696 416 160 80
306204700 416 160 80
306204704 416 160 80
306208772 416 160 80
306208776 416 160 80
306208780 416 160 80
306208784 416 160 80
306208788 416 160 80
306208792 416 160 80
306208796 416 160 80
306208800 416 160 80
306212868 416 160 80
306212872 416 160 80
306212876 416 160 80
306212880 416 160 80
306212884 416 160 80
306212888 416 160 80
306212892 416 160 80
306212896 416 160 80
306216964 416 160 80
306216968 416 160 80
306216972 416 160 80
306216976 416 160 80
306216980 416 160 80
306216984 416 160 80
306216988 416 160 80
306216992 416 160 80
306221060 416 160 80
306221064 416 160 80
306221068 416 160 80
306221072 416 160 80
306221076 416 160 80
306221080 416 160 80
306221084 416 160 80
306221088 416 160 80
306225156 416 160 80
306225160 416 160 80
306225164 416 160 80
306225168 416 160 80
306225172 416 160 80
306225176 416 160 80
306225180 416 160 80
306225184 416 160 80
306229252 416 160 80
306229256 416 160 80
306229260 416 160 80
306229264 416 160 80
306229268 416 160 80
306229272 416 160 80
306229276 416 160 80
306229280 416 160 80
306233348 416 160 80
306233352 416 160 80
306233356 416 160 80
306233360 416 160 80
306233364 416 160 80
306233368 416 160 80
306233372 416 160 80
306233376 416 160 80
306237444 416 160 80
306237448 416 160 80
306237452 416 160 80
306237456 416 160 80
306237460 416 160 80
306237464 416 160 80
306237468 416 160 80
306237472 416 160 80
306241540 416 160 80
306241544 416 160 80
306241548 416 160 80
306241552 416 160 80
306241556 416 160 80
306241560 416 160 80
306241564 416 160 80
306241568 416 160 80
306245636 416 160 80
306245640 416 160 80
306245644 416 160 80
306245648 416 160 80
306245652 416 160 80
306245656 416 160 80
306245660 416 160 80
306245664 416 160 80
306249732 416 160 80
306249736 416 160 80
306249740 416 160 80
306249744 416 160 80
306249748 416 160 80
306249752 416 160 80
306249756 416 160 80
306249760 416 160 80
306253828 416 160 80
306253832 416 160 80
306253836 416 160 80
306253840 416 160 80
306253844 416 160 80
306253848 416 160 80
306253852 416 160 80
306253856 416 160 80
306257924 416 160 80
306257928 416 160 80
306257932 416 160 80
306257936 416 160 80
306257940 416 160 80
306257944 416 160 80
306257948 416 160 80
306257952 416 160 80
306262020 416 160 80
306262024 416 160 80
306262028 416 160 80
306262032 416 160 80
306262036 416 160 80
306262040 416 160 80
306262044 416 160 80
306262048 416 160 80
306266116 416 160 80
306266120 416 160 80
306266124 416 160 80
306266128 416 160 80
306266132 416 160 80
306266136 416 160 80
306266140 416 160 80
306266144 416 160 80
306270212 416 160 80
306270216 416 160 80
306270220 416 160 80
306270224 416 160 80
306270228 416 160 80
306270232 416 160 80
306270236 416 160 80
306270240 416 160 80
306274308 416 160 80
306274312 416 160 80
306274316 416 160 80
306274320 416 160 80
306274324 416 160 80
306274328 416 160 80
306274332 416 160 80
306274336 416 160 80
306278404 416 160 80
306278408 416 160 80
306278412 416 160 80
306278416 416 160 80
306278420 416 160 80
306278424 416 160 80
306278428 416 160 80
306278432 416 160 80
306282500 416 160 80
306282504 416 160 80
306282508 416 160 80
306282512 416 160 80
306282516 416 160 80
306282520 416 160 80
306282524 416 160 80
306282528 416 160 80
306286596 416 160 80
306286600 416 160 80
306286604 416 160 80
306286608 416 160 80
306286612 416 160 80
306286616 416 160 80
306286620 416 160 80
306286624 416 160 80
306290692 416 160 80
306290696 416 160 80
306290700 416 160 80
306290704 416 160 80
306290708 416 160 80
306290712 416 160 80
306290716 416 160 80
306290720 416 160 80
306294788 416 160 80
306294792 416 160 80
306294796 416 160 80
306294800 416 160 80
306294804 416 160 80
306294808 416 160 80
306294812 416 160 80
306294816 416 160 80
306298884 416 160 80
306298888 416 160 80
306298892 416 160 80
306298896 416 160 80
306298900 416 160 80
306298904 416 160 80
306298908 416 160 80
306298912 416 160 80
306302980 416 160 80
306302984 416 160 80
306302988 416 160 80
306302992 416 160 80
306302996 416 160 80
306303000 416 160 80
306303004 416 160 80
306303008 416 160 80
306307076 416 160 80
306307080 416 160 80
306307084 416 160 80
306307088 416 160 80
306307092 416 160 80
306307096 416 160 80
306307100 416 160 80
306307104 416 160 80
306311172 416 160 80
306311176 416 160 80
306311180 416 160 80
306311184 416 160 80
306311188 416 160 80
306311192 416 160 80
306311196 416 160 80
306311200 416 160 80
306315268 416 160 80
306315272 416 160 80
306315276 416 160 80
306315280 416 160 80
306315284 416 160 80
306315288 416 160 80
306315292 416 160 80
306315296 416 160 80
306319364 416 160 80
306319368 416 160 80
306319372 416 160 80
306319376 416 160 80
306319380 416 160 80
306319384 416 160 80
306319388 416 160 80
306319392 416 160 80
306323460 416 160 80
306323464 416 160 80
306323468 416 160 80
306323472 416 160 80
306323476 416 160 80
306323480 416 160 80
306323484 416 160 80
306323488 416 160 80
306327556 416 160 80
306327560 416 160 80
306327564 416 160 80
306327568 416 160 80
306327572 416 160 80
306327576 416 160 80
306327580 416 160 80
306327584 416 160 80
306331652 416 160 80
306331656 416 160 80
306331660 416 160 80
306331664 416 160 80
306331668 416 160 80
306331672 416 160 80
306331676 416 160 80
306331680 416 160 80
306335748 416 160 80
306335752 416 160 80
306335756 416 160 80
306335760 416 160 80
306335764 416 160 80
306335768 416 160 80
306335772 416 160 80
306335776 416 160 80
306339844 416 160 80
306339848 416 160 80
306339852 416 160 80
306339856 416 160 80
306339860 416 160 80
306339864 416 160 80
306339868 416 160 80
306339872 416 160 80
306343940 416 160 80
306343944 416 160 80
306343948 416 160 80
306343952 416 160 80
306343956 416 160 80
306343960 416 160 80
306343964 416 160 80
306343968 416 160 80
306348036 416 160 80
306348040 416 160 80
306348044 416 160 80
306348048 416 160 80
306348052 416 160 80
306348056 416 160 80
306348060 416 160 80
306348064 416 160 80
306352132 416 160 80
306352136 416 160 80
306352140 416 160 80
306352144 416 160 80
306352148 416 160 80
306352152 416 160 80
306352156 416 160 80
306352160 416 160 80
306356228 416 160 80
306356232 416 160 80
306356236 416 160 80
306356240 416 160 80
306356244 416 160 80
306356248 416 160 80
306356252 416 160 80
306356256 416 160 80
306360324 416 160 80
306360328 416 160 80
306360332 416 160 80
306360336 416 160 80
306360340 416 160 80
306360344 416 160 80
306360348 416 160 80
306360352 416 160 80
306364420 416 160 80
306364424 416 160 80
306364428 416 160 80
306364432 416 160 80
306364436 416 160 80
306364440 416 160 80
306364444 416 160 80
306364448 416 160 80
306368516 416 160 80
306368520 416 160 80
306368524 416 160 80
306368528 416 160 80
306368532 416 160 80
306368536 416 160 80
306368540 416 160 80
306368544 416 160 80
306372612 416 160 80
306372616 416 160 80
306372620 416 160 80
306372624 416 160 80
306372628 416 160 80
306372632 416 160 80
306372636 416 160 80
306372640 416 160 80
306376708 416 160 80
306376712 416 160 80
306376716 416 160 80
306376720 416 160 80
306376724 416 160 80
306376728 416 160 80
306376732 416 160 80
306376736 416 160 80
306380804 416 160 80
306380808 416 160 80
306380812 416 160 80
306380816 416 160 80
306380820 416 160 80
306380824 416 160 80
306380828 416 160 80
306380832 416 160 80
306384900 416 160 80
306384904 416 160 80
306384908 416 160 80
306384912 416 160 80
306384916 416 160 80
306384920 416 160 80
306384924 416 160 80
306384928 416 160 80
306388996 416 160 80
306389000 416 160 80
306389004 416 160 80
306389008 416 160 80
306389012 416 160 80
306389016 416 160 80
306389020 416 160 80
306389024 416 160 80
306393092 416 160 80
306393096 416 160 80
306393100 416 160 80
306393104 416 160 80
306393108 416 160 80
306393112 416 160 80
306393116 416 160 80
306393120 416 160 80
306397188 416 160 80
306397192 416 160 80
306397196 416 160 80
306397200 416 160 80
306397204 416 160 80
306397208 416 160 80
306397212 416 160 80
306397216 416 160 80
306401284 416 160 80
306401288 416 160 80
306401292 416 160 80
306401296 416 160 80
306401300 416 160 80
306401304 416 160 80
306401308 416 160 80
306401312 416 160 80
306405380 416 160 80
306405384 416 160 80
306405388 416 160 80
306405392 416 160 80
306405396 416 160 80
306405400 416 160 80
306405404 416 160 80
306405408 416 160 80
306409476 416 160 80
306409480 416 160 80
306409484 416 160 80
306409488 416 160 80
306409492 416 160 80
306409496 416 160 80
306409500 416 160 80
306409504 416 160 80
306413572 416 160 80
306413576 416 160 80
306413580 416 160 80
306413584 416 160 80
306413588 416 160 80
306413592 416 160 80
306413596 416 160 80
306413600 416 160 80
306417668 416 160 80
306417672 416 160 80
306417676 416 160 80
306417680 416 160 80
306417684 416 160 80
306417688 416 160 80
306417692 416 160 80
306417696 416 160 80
306421764 416 160 80
306421768 416 160 80
306421772 416 160 80
306421776 416 160 80
306421780 416 160 80
306421784 416 160 80
306421788 416 160 80
306421792 416 160 80
306425860 416 160 80
306425864 416 160 80
306425868 416 160 80
306425872 416 160 80
306425876 416 160 80
306425880 416 160 80
306425884 416 160 80
306425888 416 160 80
306429956 416 160 80
306429960 416 160 80
306429964 416 160 80
306429968 416 160 80
306429972 416 160 80
306429976 416 160 80
306429980 416 160 80
306429984 416 160 80
306434052 416 160 80
306434056 416 160 80
306434060 416 160 80
306434064 416 160 80
306434068 416 160 80
306434072 416 160 80
306434076 416 160 80
306434080 416 160 80
306438148 416 160 80
306438152 416 160 80
306438156 416 160 80
306438160 416 160 80
306438164 416 160 80
306438168 416 160 80
306438172 416 160 80
306438176 416 160 80
306442244 416 160 80
306442248 416 160 80
306442252 416 160 80
306442256 416 160 80
306442260 416 160 80
306442264 416 160 80
306442268 416 160 80
306442272 416 160 80
306446340 416 160 80
306446344 416 160 80
306446348 416 160 80
306446352 416 160 80
306446356 416 160 80
306446360 416 160 80
306446364 416 160 80
306446368 416 160 80
352588804 416 160 80
352592900 416 160 80
352596996 416 160 80
352601092 416 160 80
352605188 416 160 80
352609284 416 160 80
352613380 416 160 80
352617476 416 160 80
352621572 416 160 80
352625668 416 160 80
352629764 416 160 80
352633860 416 160 80
352637956 416 160 80
352642052 416 160 80
352646148 416 160 80
352650244 416 160 80
352654340 416 160 80
352658436 416 160 80
352662532 416 160 80
352666628 416 160 80
352670724 416 160 80
352674820 416 160 80
352678916 416 160 80
352683012 416 160 80
352687108 416 160 80
352691204 416 160 80
352695300 416 160 80
352699396 416 160 80
352703492 416 160 80
352707588 416 160 80
352711684 416 160 80
352715780 416 160 80
352719876 416 160 80
352723972 416 160 80
352728068 416 160 80
352732164 416 160 80
352736260 416 160 80
352740356 416 160 80
352744452 416 160 80
352748548 416 160 80
352752644 416 160 80
352756740 416 160 80
352760836 416 160 80
352764932 416 160 80
352769028 416 160 80
352773124 416 160 80
352777220 416 160 80
352781316 416 160 80
352785412 416 160 80
352789508 416 160 80
352793604 416 160 80
352797700 416 160 80
352801796 416 160 80
352805892 416 160 80
352809988 416 160 80
352814084 416 160 80
352589828 416 160 80
352593924 416 160 80
352598020 416 160 80
352602116 416 160 80
352606212 416 160 80
352610308 416 160 80
352614404 416 160 80
352618500 416 160 80
352622596 416 160 80
352626692 416 160 80
352630788 416 160 80
352634884 416 160 80
352638980 416 160 80
352643076 416 160 80
352647172 416 160 80
352651268 416 160 80
352655364 416 160 80
352659460 416 160 80
352663556 416 160 80
352667652 416 160 80
352671748 416 160 80
352675844 416 160 80
352679940 416 160 80
352684036 416 160 80
352688132 416 160 80
352692228 416 160 80
352696324 416 160 80
352700420 416 160 80
352704516 416 160 80
352708612 416 160 80
352712708 416 160 80
352716804 416 160 80
352720900 416 160 80
352724996 416 160 80
352729092 416 160 80
352733188 416 160 80
352737284 416 160 80
352741380 416 160 80
352745476 416 160 80
352749572 416 160 80
352753668 416 160 80
352757764 416 160 80
352761860 416 160 80
352765956 416 160 80
352770052 416 160 80
352774148 416 160 80
352778244 416 160 80
352782340 416 160 80
352786436 416 160 80
352790532 416 160 80
352794628 416 160 80
352798724 416 160 80
352802820 416 160 80
352806916 416 160 80
352811012 416 160 80
352815108 416 160 80
352850948 416 160 80
352855044 416 160 80
352859140 416 160 80
352863236 416 160 80
352867332 416 160 80
352871428 416 160 80
352875524 416 160 80
352879620 416 160 80
352883716 416 160 80
352887812 416 160 80
352891908 416 160 80
352896004 416 160 80
352900100 416 160 80
352904196 416 160 80
352908292 416 160 80
352912388 416 160 80
352916484 416 160 80
352920580 416 160 80
352924676 416 160 80
352928772 416 160 80
352932868 416 160 80
352936964 416 160 80
352941060 416 160 80
352945156 416 160 80
352949252 416 160 80
352953348 416 160 80
352957444 416 160 80
352961540 416 160 80
352965636 416 160 80
352969732 416 160 80
352973828 416 160 80
352977924 416 160 80
352982020 416 160 80
352986116 416 160 80
352990212 416 160 80
352994308 416 160 80
352998404 416 160 80
353002500 416 160 80
353006596 416 160 80
353010692 416 160 80
353014788 416 160 80
353018884 416 160 80
353022980 416 160 80
353027076 416 160 80
353031172 416 160 80
353035268 416 160 80
353039364 416 160 80
353043460 416 160 80
353047556 416 160 80
353051652 416 160 80
353055748 416 160 80
353059844 416 160 80
353063940 416 160 80
353068036 416 160 80
353072132 416 160 80
353076228 416 160 80
352851972 416 160 80
352856068 416 160 80
352860164 416 160 80
352864260 416 160 80
352868356 416 160 80
352872452 416 160 80
352876548 416 160 80
352880644 416 160 80
352884740 416 160 80
352888836 416 160 80
352892932 416 160 80
352897028 416 160 80
352901124 416 160 80
352905220 416 160 80
352909316 416 160 80
352913412 416 160 80
352917508 416 160 80
352921604 416 160 80
352925700 416 160 80
352929796 416 160 80
352933892 416 160 80
352937988 416 160 80
352942084 416 160 80
352946180 416 160 80
352950276 416 160 80
352954372 416 160 80
352958468 416 160 80
352962564 416 160 80
352966660 416 160 80
352970756 416 160 80
352974852 416 160 80
352978948 416 160 80
352983044 416 160 80
352987140 416 160 80
352991236 416 160 80
352995332 416 160 80
352999428 416 160 80
353003524 416 160 80
353007620 416 160 80
353011716 416 160 80
353015812 416 160 80
353019908 416 160 80
353024004 416 160 80
353028100 416 160 80
353032196 416 160 80
353036292 416 160 80
353040388 416 160 80
353044484 416 160 80
353048580 416 160 80
353052676 416 160 80
353056772 416 160 80
353060868 416 160 80
353064964 416 160 80
353069060 416 160 80
353073156 416 160 80
353077252 416 160 80
353113092 416 160 80
353117188 416 160 80
353121284 416 160 80
353125380 416 160 80
353129476 416 160 80
353133572 416 160 80
353137668 416 160 80
353141764 416 160 80
353145860 416 160 80
353149956 416 160 80
353154052 416 160 80
353158148 416 160 80
353162244 416 160 80
353166340 416 160 80
353170436 416 160 80
353174532 416 160 80
353178628 416 160 80
353182724 416 160 80
353186820 416 160 80
353190916 416 160 80
353195012 416 160 80
353199108 416 160 80
353203204 416 160 80
353207300 416 160 80
353211396 416 160 80
353215492 416 160 80
353219588 416 160 80
353223684 416 160 80
353227780 416 160 80
353231876 416 160 80
353235972 416 160 80
353240068 416 160 80
353244164 416 160 80
353248260 416 160 80
353252356 416 160 80
353256452 416 160 80
353260548 416 160 80
353264644 416 160 80
353268740 416 160 80
353272836 416 160 80
353276932 416 160 80
353281028 416 160 80
353285124 416 160 80
353289220 416 160 80
353293316 416 160 80
353297412 416 160 80
353301508 416 160 80
353305604 416 160 80
353309700 416 160 80
353313796 416 160 80
353317892 416 160 80
353321988 416 160 80
353326084 416 160 80
353330180 416 160 80
353334276 416 160 80
353338372 416 160 80
353114116 416 160 80
353118212 416 160 80
353122308 416 160 80
353126404 416 160 80
353130500 416 160 80
353134596 416 160 80
353138692 416 160 80
353142788 416 160 80
353146884 416 160 80
353150980 416 160 80
353155076 416 160 80
353159172 416 160 80
353163268 416 160 80
353167364 416 160 80
353171460 416 160 80
353175556 416 160 80
353179652 416 160 80
353183748 416 160 80
353187844 416 160 80
353191940 416 160 80
353196036 416 160 80
353200132 416 160 80
353204228 416 160 80
353208324 416 160 80
353212420 416 160 80
353216516 416 160 80
353220612 416 160 80
353224708 416 160 80
353228804 416 160 80
353232900 416 160 80
353236996 416 160 80
353241092 416 160 80
353245188 416 160 80
353249284 416 160 80
353253380 416 160 80
353257476 416 160 80
353261572 416 160 80
353265668 416 160 80
353269764 416 160 80
353273860 416 160 80
353277956 416 160 80
353282052 416 160 80
353286148 416 160 80
353290244 416 160 80
353294340 416 160 80
353298436 416 160 80
353302532 416 160 80
353306628 416 160 80
353310724 416 160 80
353314820 416 160 80
353318916 416 160 80
353323012 416 160 80
353327108 416 160 80
353331204 416 160 80
353335300 416 160 80
353339396 416 160 80
344200196 416 160 80
344204292 416 160 80
344208388 416 160 80
344212484 416 160 80
344216580 416 160 80
344220676 416 160 80
344224772 416 160 80
344228868 416 160 80
344232964 416 160 80
344237060 416 160 80
344241156 416 160 80
344245252 416 160 80
344249348 416 160 80
344253444 416 160 80
344257540 416 160 80
344261636 416 160 80
344265732 416 160 80
344269828 416 160 80
344273924 416 160 80
344278020 416 160 80
344282116 416 160 80
344286212 416 160 80
344290308 416 160 80
344294404 416 160 80
344298500 416 160 80
344302596 416 160 80
344306692 416 160 80
344310788 416 160 80
344314884 416 160 80
344318980 416 160 80
344323076 416 160 80
344327172 416 160 80
344331268 416 160 80
344335364 416 160 80
344339460 416 160 80
344343556 416 160 80
344347652 416 160 80
344351748 416 160 80
344355844 416 160 80
344359940 416 160 80
344364036 416 160 80
344368132 416 160 80
344372228 416 160 80
344376324 416 160 80
344380420 416 160 80
344384516 416 160 80
344388612 416 160 80
344392708 416 160 80
344396804 416 160 80
344400900 416 160 80
344404996 416 160 80
344409092 416 160 80
344413188 416 160 80
344417284 416 160 80
344421380 416 160 80
344425476 416 160 80
344201220 416 160 80
344205316 416 160 80
344209412 416 160 80
344213508 416 160 80
344217604 416 160 80
344221700 416 160 80
344225796 416 160 80
344229892 416 160 80
344233988 416 160 80
344238084 416 160 80
344242180 416 160 80
344246276 416 160 80
344250372 416 160 80
344254468 416 160 80
344258564 416 160 80
344262660 416 160 80
344266756 416 160 80
344270852 416 160 80
344274948 416 160 80
344279044 416 160 80
344283140 416 160 80
344287236 416 160 80
344291332 416 160 80
344295428 416 160 80
344299524 416 160 80
344303620 416 160 80
344307716 416 160 80
344311812 416 160 80
344315908 416 160 80
344320004 416 160 80
344324100 416 160 80
344328196 416 160 80
344332292 416 160 80
344336388 416 160 80
344340484 416 160 80
344344580 416 160 80
344348676 416 160 80
344352772 416 160 80
344356868 416 160 80
344360964 416 160 80
344365060 416 160 80
344369156 416 160 80
344373252 416 160 80
344377348 416 160 80
344381444 416 160 80
344385540 416 160 80
344389636 416 160 80
344393732 416 160 80
344397828 416 160 80
344401924 416 160 80
344406020 416 160 80
344410116 416 160 80
344414212 416 160 80
344418308 416 160 80
344422404 416 160 80
344426500 416 160 80
344462340 416 160 80
344466436 416 160 80
344470532 416 160 80
344474628 416 160 80
344478724 416 160 80
344482820 416 160 80
344486916 416 160 80
344491012 416 160 80
344495108 416 160 80
344499204 416 160 80
344503300 416 160 80
344507396 416 160 80
344511492 416 160 80
344515588 416 160 80
344519684 416 160 80
344523780 416 160 80
344527876 416 160 80
344531972 416 160 80
344536068 416 160 80
344540164 416 160 80
344544260 416 160 80
344548356 416 160 80
344552452 416 160 80
344556548 416 160 80
344560644 416 160 80
344564740 416 160 80
344568836 416 160 80
344572932 416 160 80
344577028 416 160 80
344581124 416 160 80
344585220 416 160 80
344589316 416 160 80
344593412 416 160 80
344597508 416 160 80
344601604 416 160 80
344605700 416 160 80
344609796 416 160 80
344613892 416 160 80
344617988 416 160 80
344622084 416 160 80
344626180 416 160 80
344630276 416 160 80
344634372 416 160 80
344638468 416 160 80
344642564 416 160 80
344646660 416 160 80
344650756 416 160 80
344654852 416 160 80
344658948 416 160 80
344663044 416 160 80
344667140 416 160 80
344671236 416 160 80
344675332 416 160 80
344679428 416 160 80
344683524 416 160 80
344687620 416 160 80
344463364 416 160 80
344467460 416 160 80
344471556 416 160 80
344475652 416 160 80
344479748 416 160 80
344483844 416 160 80
344487940 416 160 80
344492036 416 160 80
344496132 416 160 80
344500228 416 160 80
344504324 416 160 80
344508420 416 160 80
344512516 416 160 80
344516612 416 160 80
344520708 416 160 80
344524804 416 160 80
344528900 416 160 80
344532996 416 160 80
344537092 416 160 80
344541188 416 160 80
344545284 416 160 80
344549380 416 160 80
344553476 416 160 80
344557572 416 160 80
344561668 416 160 80
344565764 416 160 80
344569860 416 160 80
344573956 416 160 80
344578052 416 160 80
344582148 416 160 80
344586244 416 160 80
344590340 416 160 80
344594436 416 160 80
344598532 416 160 80
344602628 416 160 80
344606724 416 160 80
344610820 416 160 80
344614916 416 160 80
344619012 416 160 80
344623108 416 160 80
344627204 416 160 80
344631300 416 160 80
344635396 416 160 80
344639492 416 160 80
344643588 416 160 80
344647684 416 160 80
344651780 416 160 80
344655876 416 160 80
344659972 416 160 80
344664068 416 160 80
344668164 416 160 80
344672260 416 160 80
344676356 416 160 80
344680452 416 160 80
344684548 416 160 80
344688644 416 160 80
344724484 416 160 80
344728580 416 160 80
344732676 416 160 80
344736772 416 160 80
344740868 416 160 80
344744964 416 160 80
344749060 416 160 80
344753156 416 160 80
344757252 416 160 80
344761348 416 160 80
344765444 416 160 80
344769540 416 160 80
344773636 416 160 80
344777732 416 160 80
344781828 416 160 80
344785924 416 160 80
344790020 416 160 80
344794116 416 160 80
344798212 416 160 80
344802308 416 160 80
344806404 416 160 80
344810500 416 160 80
344814596 416 160 80
344818692 416 160 80
344822788 416 160 80
344826884 416 160 80
344830980 416 160 80
344835076 416 160 80
344839172 416 160 80
344843268 416 160 80
344847364 416 160 80
344851460 416 160 80
344855556 416 160 80
344859652 416 160 80
344863748 416 160 80
344867844 416 160 80
344871940 416 160 80
344876036 416 160 80
344880132 416 160 80
344884228 416 160 80
344888324 416 160 80
344892420 416 160 80
344896516 416 160 80
344900612 416 160 80
344904708 416 160 80
344908804 416 160 80
344912900 416 160 80
344916996 416 160 80
344921092 416 160 80
344925188 416 160 80
344929284 416 160 80
344933380 416 160 80
344937476 416 160 80
344941572 416 160 80
344945668 416 160 80
344949764 416 160 80
344725508 416 160 80
344729604 416 160 80
344733700 416 160 80
344737796 416 160 80
344741892 416 160 80
344745988 416 160 80
344750084 416 160 80
344754180 416 160 80
344758276 416 160 80
344762372 416 160 80
344766468 416 160 80
344770564 416 160 80
344774660 416 160 80
344778756 416 160 80
344782852 416 160 80
344786948 416 160 80
344791044 416 160 80
344795140 416 160 80
344799236 416 160 80
344803332 416 160 80
344807428 416 160 80
344811524 416 160 80
344815620 416 160 80
344819716 416 160 80
344823812 416 160 80
344827908 416 160 80
344832004 416 160 80
344836100 416 160 80
344840196 416 160 80
344844292 416 160 80
344848388 416 160 80
344852484 416 160 80
344856580 416 160 80
344860676 416 160 80
344864772 416 160 80
344868868 416 160 80
344872964 416 160 80
344877060 416 160 80
344881156 416 160 80
344885252 416 160 80
344889348 416 160 80
344893444 416 160 80
344897540 416 160 80
344901636 416 160 80
344905732 416 160 80
344909828 416 160 80
344913924 416 160 80
344918020 416 160 80
344922116 416 160 80
344926212 416 160 80
344930308 416 160 80
344934404 416 160 80
344938500 416 160 80
344942596 416 160 80
344946692 416 160 80
344950788 416 160 80
